10 10 100
1 2 0 1 1 1 1 1 0 1
1 2 1 0 0 1 1 0 0 1
1 1 0 1 1 1 1 1 0 1
1 1 1 1 1 0 0 1 0 0
1 1 1 0 0 0 1 1 0 0
0 1 0 2 2 2 0 0 2 2
1 0 1 1 0 1 0 1 1 0
0 1 0 0 1 0 1 2 1 1
1 1 1 2 1 1 1 1 1 1
1 0 0 0 1 0 1 2 1 0
8 9 3 2 100
10 5 1 2 65
6 7 4 1 59
6 1 2 2 48
1 7 4 4 39
3 2 2 4 25
9 3 1 1 91
8 4 1 2 39
1 6 4 1 13
5 3 1 7 42
4 0
8 2
5 0
2 0
9 0
6 1
4 0
6 1
7 0
4 1
9 3
9 2
8 0
5 2
2 1
5 0
4 2
4 3
6 3
6 3
8 0
2 0
9 2
10 1
4 1
5 2
10 0
7 3
4 2
2 2
2 1
9 0
3 2
9 1
1 3
2 0
5 1
3 0
6 1
2 2
2 3
8 1
3 2
2 0
1 2
9 3
7 3
6 2
1 3
5 1
7 0
9 2
10 3
5 2
3 2
4 0
2 2
6 1
2 2
5 2
6 3
9 1
4 2
8 1
8 1
7 1
10 2
3 1
4 2
8 1
3 3
6 0
3 3
8 2
1 3
8 2
6 1
6 1
3 2
2 1
7 0
10 3
7 1
6 2
8 3
7 1
10 2
3 1
7 1
8 0
3 1
1 3
7 0
6 2
10 0
1 3
1 1
2 2
10 2
5 3
